56.880
114.620
9.580
12.900
45.120
111.880
214.320
217.540
218.170
96.810
43.950
22.770
58.990
193.250
68.840
68.380
39.450
4.330
33.320
24.070
89.760
193.910
0.050
0.440
8.540
10.450
23.170
49.100
13.520
22.030
7.310
0.070
19.760
8.600
12.560
17.940
21.980
4.900
1.760
0.050
0.560
3.860
5.090
5.350
35.640
12.690
30.330
31.920
14.750
9.390
18.530
76.060
76.060
76.060
25.700
24.680
15.160
16.540
7.570
6.180
23.780
42.760
46.730
33.420
31.640
29.910
35.040
35.930
7.690
6.350
12.890
12.050
13.160
68.020
95.570
95.720
95.420
94.580
13.010
11.530
30.760
26.420
27.150
58.480
59.640
60.770
35.340
41.740
23.380
6.070
14.380
6.440
23.990
8.880
56.010
53.310
56.180
55.820
56.870
55.110
57.900
57.130
55.180
53.990
54.170
54.800
56.940
58.000
13.580
21.410
10.500
30.400
37.670
18.200
0.950
11.160
13.030
52.530
24.270
70.900
66.890
50.710
20.440
58.680
35.310
39.660
12.230
13.810
22.350
30.250
54.010
27.670
27.330
24.520
74.160
30.560
87.780
58.520
28.660
8.480
23.920
0.050
40.230
144.900
137.250
87.940
154.260
89.690
137.440
150.090
157.940
161.230
19.740
128.060
21.780
157.460
135.880
146.890
136.290
68.660
156.000
54.250
167.270
164.360
157.690
153.040
151.700
161.560
160.990
163.960
160.850
143.120
132.080
157.410
26.960
26.840
172.320
36.150
79.760
150.100
163.540
175.650
132.320
23.620
77.330
104.030
113.580
129.610
34.980
3.300
9.440
34.780
0.050
11.390
42.960
43.200
44.510
36.200
17.820
66.430
74.700
37.180
36.390
23.500
20.360
15.530
25.660
19.730
12.420
27.820
21.170
32.390
25.590
47.790
53.560
34.310
37.700
33.560
43.220
16.920
7.890
51.610
3.160
2.110
83.010
0.050
13.340
85.750
24.420
47.580
0.050
108.180
147.470
107.200
48.060
17.280
5.590
0.370
53.430
51.460
24.850
11.340
158.070
17.850
95.720
0.940
22.500
24.780
21.350
3.310
28.080
19.140
31.690
0.050
1.460
43.290
56.490
315.890
126.030
60.430
266.170
64.950
13.600
31.740
58.330
226.720
1.380
51.980
24.960
47.320
40.430
59.040
33.190
38.130
66.640
59.090
81.070
19.070
29.520
41.990
35.430
43.820
16.040
31.870
55.130
54.300
59.790
73.260
68.860
71.940
82.780
89.380
83.560
86.010
83.540
78.740
36.090
37.480
58.420
22.690
49.820
37.100
82.200
65.270
53.460
9.940
18.020
81.310
52.620
49.290
50.500
51.490
47.350
49.370
44.890
95.510
90.620
84.880
82.690
82.400
85.880
81.700
78.150
79.900
80.790
83.250
81.810
91.270
87.730
81.690
83.750
85.660
83.310
86.670
85.670
88.050
89.840
83.970
113.370
105.920
107.020
97.500
106.510
96.840
100.120
119.310
135.000
119.960
161.620
91.460
107.770
112.230
92.780
100.040
99.140
108.840
103.680
114.840
161.200
109.140
85.950
95.870
111.670
108.910
101.270
104.160
102.160
102.840
99.890
100.110
100.840
101.630
97.690
98.980
94.870
95.840
94.730
93.150
122.130
103.650
107.800
97.260
98.320
25.420
7.640
17.110
0.570
80.180
47.670
11.580
22.120
27.480
31.050
21.760
25.420
26.820
37.930
14.910
32.950
24.190
35.320
78.730
79.620
80.380
81.360
81.460
79.180
78.860
42.240
130.800
12.020
166.070
182.780
0.050
177.280
9.140
97.510
26.460
80.000
193.800
64.080
120.690
56.400
104.550
89.870
184.030
73.550
74.000
179.290
186.790
177.480
91.960
198.130
123.250
105.200
103.620
104.950
169.830
52.910
53.870
56.810
270.650
272.870
273.690
269.640
275.340
272.210
277.350
278.070
242.850
271.900
276.740
275.240
267.240
272.900
146.320
148.820
272.500
273.540
269.070
266.600
139.270
140.720
0.180
164.660
59.640
88.270
80.620
27.880
38.300
55.080
54.450
63.250
35.780
52.500
76.240
75.920
86.890
90.250
105.290
110.660
104.810
107.230
50.080
58.830
80.060
66.310
47.550
103.430
86.550
74.770
24.400
34.400
105.560
99.310
102.900
120.120
133.430
72.420
37.140
51.810
43.450
41.070
34.570
40.720
49.050
31.070
45.170
32.920
50.020
79.770
29.200
39.630
54.460
30.460
50.170
58.670
46.790
66.690
86.340
85.860
48.380
33.020
63.860
48.190
87.710
73.380
62.770
21.620
31.460
93.310
91.820
89.000
89.080
114.690
111.800
123.620
70.020
38.700
55.850
44.790
45.430
53.030
36.480
56.350
77.600
107.330
98.010
78.630
87.230
97.960
106.870
96.790
113.930
106.480
116.470
124.390
118.860
116.620
76.090
90.600
102.360
91.150
118.060
120.250
113.680
139.740
130.970
134.290
145.190
153.490
141.700
149.210
125.540
128.060
132.670
143.010
137.830
149.030
143.280
119.680
145.400
142.520
153.970
70.200
65.780
68.390
95.510
87.000
49.640
44.170
72.920
45.100
52.750
61.460
84.760
82.760
86.620
102.140
97.880
108.890
115.460
110.260
112.540
109.720
106.220
87.260
42.770
76.890
58.800
108.410
92.200
80.610
68.240
111.700
106.440
109.370
53.630
50.430
51.840
108.140
106.250
108.270
109.970
110.670
112.680
135.270
126.380
126.060
126.230
139.480
134.470
145.280
112.020
129.300
123.050
124.150
58.780
60.210
32.360
24.060
82.350
41.340
45.250
50.290
37.700
56.380
44.620
108.320
95.380
94.880
95.230
96.140
95.150
97.520
60.440
55.990
56.150
57.000
55.820
32.610
16.540
162.360
159.020
89.670
251.500
171.890
186.390
160.610
194.880
164.520
114.100
196.240
210.940
65.230
55.720
37.210
55.330
73.590
37.890
62.600
83.760
75.460
88.540
70.550
28.810
66.240
80.120
14.420
25.520
45.730
80.170
0.830
120.550
129.710
210.010
117.480
119.820
154.950
157.530
1.850
22.450
117.380
1.100
9.630
64.250
85.010
30.110
73.460
56.070
4.220
21.550
7.450
17.570
53.990
20.710
0.050
10.730
0.050
44.390
19.730
11.610
0.050
0.050
0.050
0.050
103.220
52.630
159.600
152.090
97.490
143.880
0.050
37.790
157.300
144.240
170.090
259.930
232.520
249.830
277.240
20.470
101.260
99.950
18.740
67.840
80.310
93.940
99.620
170.980
38.040
47.010
62.390
44.750
31.070
8.880
13.210
13.700
14.800
25.320
72.750
19.390
28.530
102.820
125.070
135.650
130.710
169.070
174.250
77.720
30.750
41.150
22.830
30.180
27.420
19.360
15.360
211.340
128.580
27.810
105.960
170.780
58.240
142.650
178.050
150.960
154.110
101.840
174.380
197.540
188.040
138.180
203.680
126.350
181.590
14.480
18.050
11.860
29.960
5.280
1.220
7.290
5.070
33.540
18.730
13.370
0.050
21.310
22.330
269.340
6.110
24.360
14.410
5.520
3.220
4.820
36.180
1.920
5.580
31.810
35.080
9.980
57.740
254.870
50.940
10.310
