6.500
7.360
6.190
6.190
6.630
6.610
6.610
6.610
6.610
6.610
6.610
6.610
6.610
6.610
6.610
6.610
6.610
5.200
6.500
7.350
7.350
7.350
6.530
6.530
6.530
6.530
6.530
6.530
6.530
6.530
6.530
6.530
6.530
6.530
6.530
6.530
6.530
6.530
6.530
6.530
6.530
6.530
6.530
6.530
6.530
6.530
6.530
6.530
6.530
5.620
6.330
7.200
7.200
7.200
5.900
5.900
5.900
5.900
5.900
5.900
6.360
6.360
6.360
6.360
6.360
6.360
6.360
6.360
6.360
5.090
5.380
5.380
5.770
5.700
6.500
6.500
6.500
6.500
6.190
6.190
6.190
6.190
6.190
6.320
6.320
6.320
6.060
6.060
5.770
5.770
6.190
6.190
5.440
5.440
7.300
7.300
7.300
7.300
7.300
7.300
7.300
7.300
7.300
7.300
7.300
7.300
7.300
7.300
5.990
5.990
5.990
5.990
5.990
6.540
6.540
6.540
6.540
6.930
6.930
6.930
6.930
6.930
6.930
6.930
6.930
6.930
6.930
6.930
6.930
6.930
6.930
6.930
6.930
6.930
6.930
6.930
6.930
6.930
6.930
6.930
6.930
6.690
7.010
7.280
7.280
7.280
7.280
7.280
7.280
7.280
7.280
7.280
7.280
7.280
7.280
7.280
7.280
7.280
7.280
7.280
7.280
7.280
7.280
7.280
7.280
7.280
7.280
7.280
7.280
7.280
7.280
7.280
7.280
7.280
7.280
7.280
7.280
7.280
7.280
7.280
7.280
7.280
7.280
7.280
6.460
6.460
6.460
6.460
6.460
6.690
6.690
6.690
6.690
6.690
6.690
6.690
6.690
6.690
6.690
6.690
6.690
6.690
6.690
6.690
6.690
6.690
6.690
6.690
6.690
6.690
6.690
6.690
6.690
6.690
6.690
6.690
6.690
6.690
6.690
6.690
6.690
6.690
6.690
6.690
6.690
6.690
6.690
6.690
6.690
6.690
6.690
6.690
6.690
6.690
6.690
6.690
6.690
6.690
6.690
6.690
6.900
6.900
6.900
6.900
6.900
6.900
6.900
6.900
6.900
6.900
6.900
6.900
6.900
6.900
6.900
7.200
7.510
7.510
7.510
7.510
7.510
7.510
7.510
7.510
7.510
7.510
7.510
7.510
7.620
7.620
7.620
7.620
7.620
7.620
7.620
7.620
7.620
7.620
7.620
7.620
7.620
7.620
7.620
7.620
7.620
7.620
7.620
7.620
7.620
7.620
7.620
7.620
7.620
7.620
7.620
7.620
7.620
7.620
7.620
7.620
7.620
7.620
7.620
7.620
7.620
7.620
7.620
7.620
7.620
7.620
7.620
7.620
7.620
7.620
7.620
7.620
7.620
7.620
7.620
7.620
7.620
7.620
7.620
7.620
7.620
7.620
7.620
7.620
7.620
7.620
7.620
7.620
7.620
7.620
7.620
7.620
7.620
7.620
7.620
7.620
7.620
7.620
7.620
7.620
7.620
7.620
7.620
7.620
7.620
7.620
7.620
7.620
7.620
7.620
7.620
7.620
7.620
7.620
7.620
7.620
7.620
7.620
7.620
7.620
7.620
7.620
7.620
7.620
7.620
7.620
7.620
7.620
7.620
7.620
7.620
7.620
7.620
7.620
7.620
7.620
7.620
7.620
7.620
7.620
7.620
7.620
7.620
7.620
7.620
7.620
7.620
7.620
7.620
7.620
7.620
7.620
7.620
7.620
7.620
7.620
7.620
7.620
7.620
7.620
7.620
7.620
7.620
7.620
7.620
7.140
7.140
7.140
7.140
7.140
7.140
7.140
7.140
7.540
7.540
7.130
7.130
7.130
7.130
7.130
7.130
7.130
7.130
7.130
7.130
7.130
7.130
7.130
7.130
7.130
7.130
7.130
7.130
7.130
5.310
5.310
5.310
6.700
6.700
6.700
6.700
6.700
6.700
6.700
6.700
6.700
6.700
6.700
6.700
6.700
6.700
6.700
6.700
7.900
7.900
7.900
7.900
7.900
7.900
7.900
7.900
6.200
6.200
6.200
6.200
6.200
6.200
6.200
6.200
6.200
6.200
6.200
6.200
6.200
6.200
6.200
6.200
6.200
6.200
6.200
6.200
6.200
6.200
6.200
6.200
6.200
6.200
6.200
6.200
6.200
6.200
6.200
6.200
6.200
6.200
6.200
6.200
6.200
6.200
6.200
6.200
6.200
6.200
6.200
6.200
6.200
6.200
6.200
6.200
6.200
6.200
6.200
6.200
6.200
6.200
6.200
6.200
6.200
6.200
6.200
6.200
6.200
6.200
6.200
6.200
6.200
6.200
6.200
6.200
6.200
6.200
6.200
6.200
6.200
6.200
6.200
6.200
6.200
6.200
6.200
6.200
6.200
6.200
6.200
6.200
6.200
6.200
6.200
6.200
6.200
6.200
6.200
6.200
6.200
6.200
6.200
6.200
6.200
6.200
6.200
6.200
6.200
6.200
6.200
6.200
6.200
6.200
6.200
6.200
6.200
6.200
6.200
6.200
6.200
6.200
6.200
6.200
6.200
6.200
6.200
6.200
6.200
6.200
6.300
6.300
6.300
6.300
6.300
6.300
6.300
6.300
6.300
6.300
6.300
6.300
6.300
6.300
6.300
6.300
6.300
6.300
6.300
6.300
6.300
6.300
6.300
6.300
6.300
6.300
6.300
6.300
6.300
6.300
6.300
6.300
6.300
6.300
6.300
6.300
6.300
6.300
6.300
6.300
6.300
6.300
6.300
6.300
6.300
6.300
6.300
6.300
6.300
6.300
6.300
6.300
6.300
6.300
6.300
6.300
6.300
6.300
6.300
6.300
6.300
6.300
6.500
6.500
6.500
6.500
6.500
6.500
6.320
7.300
7.300
7.300
7.300
5.270
7.010
7.130
7.130
7.130
7.130
7.130
7.130
7.130
7.130
7.130
7.130
7.130
7.130
6.200
6.200
6.200
6.200
6.200
6.200
6.200
6.200
6.300
6.300
6.610
6.610
6.610
6.610
6.610
6.610
6.610
6.610
6.610
6.520
6.520
6.520
6.520
6.520
6.520
6.520
6.000
6.000
6.000
6.000
6.000
6.630
6.630
6.630
6.630
6.630
6.630
6.630
6.630
6.630
6.630
6.800
6.800
6.800
6.800
6.800
6.800
6.800
6.800
6.800
6.800
6.800
6.800
6.800
6.800
6.800
6.800
6.800
6.800
6.800
6.800
6.800
6.900
6.900
6.900
6.900
6.900
6.900
6.900
6.900
6.900
6.900
6.900
6.900
6.900
6.900
6.900
6.900
6.900
6.900
6.900
7.200
7.200
7.200
7.200
7.200
7.200
7.200
7.200
7.200
7.200
7.200
7.200
7.200
7.200
7.200
7.200
7.200
7.200
7.200
7.200
7.200
7.200
7.200
7.200
7.200
7.200
7.200
7.200
6.610
6.610
6.610
6.610
6.610
6.610
6.610
6.610
6.610
6.630
6.630
6.630
7.000
7.000
7.000
7.000
7.000
7.000
7.000
7.000
7.000
7.000
7.000
7.000
7.000
7.000
7.000
7.000
7.000
6.200
6.200
6.200
6.200
6.200
6.200
6.200
6.200
7.200
7.200
7.200
7.200
7.200
7.200
