6.80
6.80
6.80
6.80
7.50
7.50
7.50
7.50
7.50
7.50
7.50
7.50
7.50
7.50
7.50
7.50
7.50
7.50
7.50
7.50
7.10
7.10
7.10
7.10
7.10
7.10
7.10
7.10
7.10
7.10
7.10
7.10
7.10
7.10
7.10
7.10
6.10
6.10
6.10
6.10
6.10
6.10
6.10
6.10
6.10
6.10
6.10
6.10
6.10
6.10
6.10
6.10
6.10
6.10
6.10
6.10
6.10
6.10
6.80
6.80
6.80
6.80
6.80
6.80
6.80
6.80
6.80
6.80
6.80
6.80
6.80
6.80
6.80
6.80
6.80
6.80
6.80
6.80
6.80
6.80
6.80
6.80
6.80
6.80
6.80
6.80
6.80
6.80
6.80
6.80
6.80
6.80
6.50
6.50
7.70
7.70
6.10
6.10
6.10
6.10
6.10
6.10
6.10
6.10
6.10
6.10
6.10
6.10
6.10
6.10
7.50
7.50
7.10
7.10
7.10
7.10
7.10
7.10
7.10
7.10
7.10
7.10
7.10
7.10
7.10
7.10
7.10
7.10
7.10
7.10
7.10
7.10
7.10
7.10
6.10
6.10
6.10
6.10
6.10
6.10
6.10
6.10
6.10
6.10
6.10
6.10
6.10
6.10
6.10
6.10
6.10
6.10
6.10
6.10
6.10
6.10
6.80
6.80
6.50
6.50
6.50
6.50
6.50
6.50
6.50
6.50
7.70
7.70
7.70
7.70
6.80
6.80
6.80
6.80
6.80
6.80
6.80
6.80
6.80
6.80
6.80
6.80
6.80
6.80
7.50
7.50
7.50
7.50
5.80
5.80
5.80
5.80
7.10
7.10
7.10
7.10
7.10
7.10
7.10
7.10
7.10
7.10
7.10
7.10
7.10
7.10
7.10
7.10
7.10
7.10
7.10
7.10
7.10
7.10
7.10
7.10
7.10
7.10
6.10
6.10
6.10
6.10
6.50
6.50
6.50
6.50
6.50
6.50
6.80
6.80
6.00
6.00
6.00
6.00
6.00
6.00
6.00
6.00
6.10
6.10
