4.000
4.000
24.800
24.800
88.300
88.300
92.400
92.400
156.000
156.000
65.500
65.500
66.800
66.800
28.200
28.200
117.600
117.600
26.300
26.300
58.900
58.900
27.000
27.000
12.100
12.100
14.000
14.000
24.300
24.300
76.300
76.300
92.700
92.700
29.300
29.300
45.700
45.700
16.200
16.200
29.600
29.600
23.800
23.800
32.800
32.800
29.900
29.900
45.500
45.500
89.000
89.000
1.000
1.000
14.400
14.400
13.700
13.700
12.600
18.000
18.000
22.000
22.000
12.700
12.700
6.800
6.800
4.000
4.000
1.300
1.300
0.600
0.600
3.800
3.800
7.500
7.500
32.000
32.000
2.600
2.600
8.500
8.500
10.600
10.600
49.000
49.000
22.000
22.000
8.500
8.500
12.600
23.000
23.000
107.000
107.000
37.200
37.200
24.600
24.600
37.700
37.700
47.900
47.900
53.800
53.800
35.500
35.500
42.500
42.500
7.100
7.100
83.900
83.900
1.000
1.000
21.700
21.700
42.600
42.600
10.900
10.900
19.900
19.900
56.700
56.700
12.400
12.400
12.500
12.500
38.700
38.700
80.200
80.200
77.300
77.300
72.200
72.200
57.800
57.800
45.900
45.900
29.600
29.600
22.500
22.500
7.700
7.700
6.700
6.700
3.400
3.400
11.500
11.500
16.000
16.000
14.000
14.000
36.000
36.000
26.000
26.000
17.000
17.000
25.000
25.000
109.000
109.000
85.000
85.000
58.500
58.500
48.600
48.600
37.100
37.100
36.900
36.900
34.000
34.000
28.400
28.400
32.200
32.200
51.300
51.300
41.900
41.900
5.300
5.300
19.000
19.000
88.100
88.100
78.500
78.500
88.000
88.000
87.400
87.400
80.500
80.500
77.200
77.200
75.900
75.900
69.000
69.000
67.600
67.600
42.700
42.700
32.400
32.400
29.900
29.900
10.500
10.500
22.100
22.100
17.900
17.900
22.000
22.000
19.600
19.600
23.000
23.000
26.000
26.000
23.700
23.700
55.300
55.300
49.800
49.800
61.000
61.000
16.000
16.000
